Einc(MeV) Edep(MeV) Detector1 Detector2 Detector3 Detector4 Detector5 Detector6 Detector7 Detector8 Detector9
       50             3.91433   4.22653   4.29204   5.09422   5.69731    7.0545   11.2803   5.45681         0
       50             3.77239   3.91872   4.31443   4.89658   5.47726   6.95168    10.201   7.60793         0
       50             3.79138   4.23672   4.43904   4.74461   5.69797   6.98474   10.6592   6.50722         0
       50             3.82654   3.90363   4.46839    4.8616    5.4134   6.84724    10.575   7.27586         0
       50             3.80284   3.87727    4.2501   4.91193   5.68041   7.03012   10.4195   6.88271         0
       50              3.8814   4.14408   4.32509   4.97732   5.39903   6.77648   10.3775   7.28944         0
       50             3.90342   3.67489   4.40558   4.68185   5.92007   6.81638   10.7138   6.86588         0
       50             3.84209   3.87581   4.03957   4.69411   5.20274   6.75416   9.48751   9.03666         0
       50             3.64999   3.80856   4.26021   4.85884   5.50098   6.86573   9.86789   8.11721         0
       50             3.90778   3.82945   4.19196   4.96631   5.30412   6.61276   9.63083   8.54188         0
